                                              Max
Load  Entries  %          Av Length           Length
0.05  600      0.5876592  1.0931287553814877  4
0.1   1199     1.1743389  1.1765519626729397  5
0.15  1799     1.761998   1.2920428625544773  7
0.2   2398     2.3486779  1.42962684109701    7
0.25  2997     2.9353576  1.6154418584539962  13
0.3   3597     3.5230167  1.815002650194321   14
0.35  4196     4.1096964  2.1188665695697058  19
0.4   4795     4.6963763  2.2021167250145406  14
0.45  5395     5.284035   2.810264283267253   23
0.5   5994     5.870715   3.248931408262388   43
0.55  6593     6.4573946  4.341704852592664   49
0.6   7193     7.045054   5.303031280417002   53
0.65  7792     7.6317334  6.430631175868964   59
0.7   8391     8.218413   8.888130320412687   77
0.75  8991     8.806072   14.44607597785302   133
0.8   9590     9.392753   30.392636917226074  349
0.85  10189    9.979432   38.67832969015807   286
0.9   10789    10.567091  122.70603334961224  558